Webots Project File version R2021b
perspectives: 000000ff00000000fd00000002000000010000011c000003d6fc0200000001fb0000001400540065007800740045006400690074006f00720000000015000003d60000004500ffffff000000030000078000000260fc0100000001fb0000001a0043006f006e0073006f006c00650041006c006c0041006c006c0100000000000007800000008700ffffff000007800000015700000001000000020000000100000008fc00000000
simulationViewPerspectives: 000000ff00000001000000020000010000000b520100000002010000000100
sceneTreePerspectives: 000000ff000000010000000200000020000000fa0100000002010000000200
minimizedPerspectives: 000000ff00000000fd00000002000000010000011c000003d6fc0200000001fb0000001400540065007800740045006400690074006f00720000000015000003d60000004500ffffff000000030000078000000157fc0100000001fb0000001a0043006f006e0073006f006c00650041006c006c0041006c006c0100000000000007800000008700ffffff000007800000026000000001000000020000000100000008fc00000000
maximizedDockId: -1
centralWidgetVisible: 1
orthographicViewHeight: 1
textFiles: -1
globalOptionalRendering: CameraFrustums::CoordinateSystem
consoles: Console:All:All
renderingDevicePerspectives: Mavic 2 PRO:camera;0;0.133333;0;0
renderingDevicePerspectives: op2:Camera;1;0.266667;0;0
